Eqn= Fourier Series Polynomial 10x2
r2= 0.492636388336335069
DOF r2= 0.4830720832690667
Std Error= 0.107645430894294947
F Statistic= 54.1317469727353742
a= 77576.4057520344933
b= -13947.5514454438787
c= -144763.092341742042
d= -117396.557425391011
e= 22889.739689173429
f= 24561.8161123629584
g= 82308.1332582315532
h= 49415.5440499797406
i= -20247.771072384131
j= -13337.9969100450858
k= -25019.9482127929237
l= -10434.0867759103009
m= 7036.74070000983517
n= 2910.59827785097844
o= 3453.15719237959847
p= 852.09858965089074
q= -898.331624706326746
r= -186.387864590339645
s= -139.287521713576216
t= -11.2442034026507408
u= 19.7710226697558956

